name_method,num_global_heads,d_model,num_local_heads,d_head,sequence_len,flops,params,non_embed_params
linear,0,256,8,32,128,3.823720224,89833434,21024768
linear,0,256,8,32,256,7.442640608,89833434,21024768
linear,0,256,8,32,512,14.435880096,89833434,21024768
linear,0,256,8,32,1024,28.526740832,89833434,21024768
linear,0,256,8,32,2048,57.758545984,89833434,21024768
linear,0,256,8,32,4096,115.392563008,89833434,21024768
linear,0,256,8,32,8192,228.037863296,89833434,21024768
linear,0,512,8,64,128,8.721182432,187754970,50405376
linear,0,512,8,64,256,17.032764064,187754970,50405376
linear,0,512,8,64,512,33.166728288,187754970,50405376
linear,0,512,8,64,1024,65.643419456,187754970,50405376
linear,0,512,8,64,2048,132.696953152,187754970,50405376
linear,0,512,8,64,4096,265.144864384,187754970,50405376
linear,0,512,8,64,8192,524.795211328,187754970,50405376
linear,0,1024,8,128,128,21.73733136,408763866,134332416
linear,0,1024,8,128,256,42.65546352,408763866,134332416
linear,0,1024,8,128,512,83.51332896,408763866,134332416
linear,0,1024,8,128,1024,165.64656928,408763866,134332416
linear,0,1024,8,128,2048,334.11338304,408763866,134332416
linear,0,1024,8,128,4096,667.72869024,408763866,134332416
linear,0,1024,8,128,8192,1324.4683456,408763866,134332416
linear,0,2048,8,256,128,60.654532704,951444954,402849792
linear,0,2048,8,256,256,119.670668608,951444954,402849792
linear,0,2048,8,256,512,235.746126656,951444954,402849792
linear,0,2048,8,256,1024,468.732092032,951444954,402849792
linear,0,2048,8,256,2048,943.104681024,951444954,402849792
linear,0,2048,8,256,4096,1885.213210368,951444954,402849792
linear,0,2048,8,256,8192,3748.448238976,951444954,402849792
linear,0,4096,8,512,128,190.028545344,2439460314,1342537728
linear,0,4096,8,512,256,376.780282688,2439460314,1342537728
linear,0,4096,8,512,512,746.370160256,2439460314,1342537728
linear,0,4096,8,512,1024,1487.220005952,2439460314,1342537728
linear,0,4096,8,512,2048,2985.721005824,2439460314,1342537728
linear,0,4096,8,512,4096,5969.449596288,2439460314,1342537728
linear,0,4096,8,512,8192,11894.943069056,2439460314,1342537728
rbf2keys_linear,0,256,4,32,128,3.622131472,88260698,19452032
rbf2keys_linear,0,256,4,32,256,7.039462944,88260698,19452032
rbf2keys_linear,0,256,4,32,512,13.629525728,88260698,19452032
rbf2keys_linear,0,256,4,32,1024,26.914030496,88260698,19452032
rbf2keys_linear,0,256,4,32,2048,54.533122912,88260698,19452032
rbf2keys_linear,0,256,4,32,4096,108.941728064,88260698,19452032
rbf2keys_linear,0,256,4,32,8192,215.136185408,88260698,19452032
rbf2keys_linear,0,512,4,64,128,7.915351584,181463642,44114048
rbf2keys_linear,0,512,4,64,256,15.421103328,181463642,44114048
rbf2keys_linear,0,512,4,64,512,29.943405216,181463642,44114048
rbf2keys_linear,0,512,4,64,1024,59.196770912,181463642,44114048
rbf2keys_linear,0,512,4,64,2048,119.803667264,181463642,44114048
rbf2keys_linear,0,512,4,64,4096,239.358284608,181463642,44114048
rbf2keys_linear,0,512,4,64,8192,473.222043776,181463642,44114048
rbf2keys_linear,0,1024,4,128,128,18.515057888,383598170,109166720
rbf2keys_linear,0,1024,4,128,256,36.210914976,383598170,109166720
rbf2keys_linear,0,1024,4,128,512,70.624229472,383598170,109166720
rbf2keys_linear,0,1024,4,128,1024,139.868381504,383598170,109166720
rbf2keys_linear,0,1024,4,128,2048,282.556999488,383598170,109166720
rbf2keys_linear,0,1024,4,128,4096,564.615915136,383598170,109166720
rbf2keys_linear,0,1024,4,128,8192,1118.242787392,383598170,109166720
rbf2keys_linear,0,2048,4,256,128,47.767533216,850781786,302186624
rbf2keys_linear,0,2048,4,256,256,93.896667232,850781786,302186624
rbf2keys_linear,0,2048,4,256,512,184.198135104,850781786,302186624
rbf2keys_linear,0,2048,4,256,1024,365.636100928,850781786,302186624
rbf2keys_linear,0,2048,4,256,2048,736.912690816,850781786,302186624
rbf2keys_linear,0,2048,4,256,4096,1472.829221952,850781786,302186624
rbf2keys_linear,0,2048,4,256,8192,2923.680358144,850781786,302186624
rbf2keys_linear,0,4096,4,512,128,138.484740192,2036807258,939884672
rbf2keys_linear,0,4096,4,512,256,273.692683584,2036807258,939884672
rbf2keys_linear,0,4096,4,512,512,540.194954048,2036807258,939884672
rbf2keys_linear,0,4096,4,512,1024,1074.869585536,2036807258,939884672
rbf2keys_linear,0,4096,4,512,2048,2161.020156992,2036807258,939884672
rbf2keys_linear,0,4096,4,512,4096,4320.047994624,2036807258,939884672
rbf2keys_linear,0,4096,4,512,8192,8596.139705728,2036807258,939884672
rbf_linear,0,256,4,32,128,3.555022608,87740506,18931840
rbf_linear,0,256,4,32,256,6.905245216,87740506,18931840
rbf_linear,0,256,4,32,512,13.361090272,87740506,18931840
rbf_linear,0,256,4,32,1024,26.377159584,87740506,18931840
rbf_linear,0,256,4,32,2048,53.459381088,87740506,18931840
rbf_linear,0,256,4,32,4096,106.794244416,87740506,18931840
rbf_linear,0,256,4,32,8192,210.841218112,87740506,18931840
rbf_linear,0,512,4,64,128,7.646916128,179374682,42025088
rbf_linear,0,512,4,64,256,14.884232416,179374682,42025088
rbf_linear,0,512,4,64,512,28.869663392,179374682,42025088
rbf_linear,0,512,4,64,1024,57.049287264,179374682,42025088
rbf_linear,0,512,4,64,2048,115.508699968,179374682,42025088
rbf_linear,0,512,4,64,4096,230.768350016,179374682,42025088
rbf_linear,0,512,4,64,8192,456.042174592,179374682,42025088
rbf_linear,0,1024,4,128,128,17.441316064,375225946,100794496
rbf_linear,0,1024,4,128,256,34.063431328,375225946,100794496
rbf_linear,0,1024,4,128,512,66.329262176,375225946,100794496
rbf_linear,0,1024,4,128,1024,131.278446912,375225946,100794496
rbf_linear,0,1024,4,128,2048,265.377130304,375225946,100794496
rbf_linear,0,1024,4,128,4096,530.256176768,375225946,100794496
rbf_linear,0,1024,4,128,8192,1049.523310656,375225946,100794496
rbf_linear,0,2048,4,256,128,43.47256592,817260122,268664960
rbf_linear,0,2048,4,256,256,85.30673264,817260122,268664960
rbf_linear,0,2048,4,256,512,167.01826592,817260122,268664960
rbf_linear,0,2048,4,256,1024,331.27636256,817260122,268664960
rbf_linear,0,2048,4,256,2048,668.19321408,817260122,268664960
rbf_linear,0,2048,4,256,4096,1335.39026848,817260122,268664960
rbf_linear,0,2048,4,256,8192,2648.8024512,817260122,268664960
rbf_linear,0,4096,4,512,128,121.304871008,1902655066,805732480
rbf_linear,0,4096,4,512,256,239.332945216,1902655066,805732480
rbf_linear,0,4096,4,512,512,471.475477312,1902655066,805732480
rbf_linear,0,4096,4,512,1024,937.430632064,1902655066,805732480
rbf_linear,0,4096,4,512,2048,1886.142250048,1902655066,805732480
rbf_linear,0,4096,4,512,4096,3770.292180736,1902655066,805732480
rbf_linear,0,4096,4,512,8192,7496.628077952,1902655066,805732480
